Will read geometry from h2o.xyz
ndocc = 5
	Nuclear repulsion energy = 8.00237

	Overlap Integrals:
           1     0.236704            0  8.60875e-18            0    0.0384056    0.0384056
    0.236704            1            0 -2.46745e-17            0     0.386139     0.386139
           0            0            1            0            0     0.268438    -0.268438
 8.60875e-18 -2.46745e-17            0            1            0     0.209728     0.209728
           0            0            0            0            1            0            0
   0.0384056     0.386139     0.268438     0.209728            0            1     0.181761
   0.0384056     0.386139    -0.268438     0.209728            0     0.181761            1

	Kinetic-Energy Integrals:
    29.0032   -0.168011           0 5.61892e-17           0 -0.00841639 -0.00841639
  -0.168011    0.808128           0 -2.2648e-17           0   0.0705173   0.0705173
          0           0     2.52873           0           0    0.147091   -0.147091
5.61892e-17 -2.2648e-17           0     2.52873           0     0.11492     0.11492
          0           0           0           0     2.52873           0           0
-0.00841639   0.0705173    0.147091     0.11492           0    0.760032 -0.00397974
-0.00841639   0.0705173   -0.147091     0.11492           0 -0.00397974    0.760032
8
0
-0.143222
0
1
1.63803
1.13656
0
1
-1.63803
1.13656
0

	Nuclear Attraction Integrals:
  -61.5806   -7.41082          0 -0.0144739          0   -1.23169   -1.23169
  -7.41082   -10.0091          0  -0.176891          0   -2.97723   -2.97723
         0          0   -9.98755          0          0   -1.82224    1.82224
-0.0144739  -0.176891          0   -9.94404          0   -1.47179   -1.47179
         0          0          0          0   -9.87588          0          0
  -1.23169   -2.97723   -1.82224   -1.47179          0    -5.3002   -1.06717
  -1.23169   -2.97723    1.82224   -1.47179          0   -1.06717    -5.3002

	Core Hamiltonian:
  -32.5774   -7.57883          0 -0.0144739          0    -1.2401    -1.2401
  -7.57883   -9.20094          0  -0.176891          0   -2.90671   -2.90671
         0          0   -7.45882          0          0   -1.67515    1.67515
-0.0144739  -0.176891          0   -7.41531          0   -1.35687   -1.35687
         0          0          0          0   -7.34714          0          0
   -1.2401   -2.90671   -1.67515   -1.35687          0   -4.54017   -1.07115
   -1.2401   -2.90671    1.67515   -1.35687          0   -1.07115   -4.54017

	Initial C Matrix:
     1.00154    -0.233624  -1.4642e-17   -0.0856845  2.32409e-32    0.0482226  4.54891e-17
 -0.00718933      1.05794  1.97438e-16     0.360112 -3.73197e-31    -0.463121 -4.56009e-16
 9.67117e-20  3.67301e-16     -1.06107 -8.12091e-16  1.43778e-15  2.06854e-17    -0.296507
 -0.00026713     0.427286   1.2941e-15    -0.939942 -2.14472e-30    -0.212941 -1.72085e-15
           0            0 -1.43826e-15            0           -1           -0  1.20415e-16
  0.00182135    -0.149253     0.137721     0.037858 -4.80561e-17       0.7807     0.850141
  0.00182135    -0.149253    -0.137721     0.037858  4.80561e-17       0.7807    -0.850141

	Initial Density Matrix:
     1.06501    -0.285217 -5.93934e-19   -0.0195534 -2.18197e-33    0.0334495    0.0334495
   -0.285217      1.24897 -1.13357e-16      0.11356  8.92308e-32    -0.144281    -0.144281
-5.93934e-19 -1.13357e-16      1.12587 -4.52874e-16  8.83112e-17    -0.146131     0.146131
  -0.0195534      0.11356 -4.52874e-16      1.06606  2.83461e-31   -0.0993586   -0.0993586
-2.18197e-33  8.92308e-32  8.83112e-17  2.83461e-31            1 -1.50022e-16  1.50022e-16
   0.0334495    -0.144281    -0.146131   -0.0993586 -1.50022e-16    0.0426801   0.00474611
   0.0334495    -0.144281     0.146131   -0.0993586  1.50022e-16   0.00474611    0.0426801

	2-e Matrix:
     13.7641      2.70615  9.48677e-18   0.00294486 -1.54074e-33      0.43337      0.43337
     2.70615      7.41004  4.45336e-17  -0.00397896  3.08149e-32      2.32765      2.32765
 9.48677e-18  4.45336e-17      7.65278 -1.30972e-16 -1.60213e-17      1.50426     -1.50426
  0.00294486  -0.00397896 -1.30972e-16      7.65444 -1.28026e-31        1.174        1.174
-1.54074e-33  3.08149e-32 -1.60213e-17 -1.28026e-31      7.65625  3.79429e-17 -3.79429e-17
     0.43337      2.32765      1.50426        1.174  3.79429e-17      4.39514     0.886483
     0.43337      2.32765     -1.50426        1.174 -3.79429e-17     0.886483      4.39514


 Iter        E(elec)              E(tot)               Delta(E)             RMS(D)         Time(s)
 01     -78.286579659202     -70.284212685036     -78.286579659202       1.826673845608    0.41203
 02     -84.048321311560     -76.045954337394      -5.761741652358       0.479572578622    0.00353
 03     -82.716963786178     -74.714596812012       1.331357525381       0.086832209362    0.00352
 04     -82.987141284543     -74.984774310377      -0.270177498365       0.031026172613    0.00352
 05     -82.938133078472     -74.935766104306       0.049008206071       0.010799235047    0.00352
 06     -82.946271138062     -74.943904163896      -0.008138059589       0.005254802224    0.00352
 07     -82.944486815965     -74.942119841799       0.001784322097       0.002438566239    0.00352
 08     -82.944617292999     -74.942250318833      -0.000130477034       0.001177273198    0.00352
 09     -82.944503541217     -74.942136567051       0.000113751783       0.000564540081    0.00352
 10     -82.944478972005     -74.942111997839       0.000024569212       0.000272203506    0.00352
 11     -82.944461669282     -74.942094695116       0.000017302723       0.000131179592    0.00351
 12     -82.944454240116     -74.942087265950       0.000007429166       0.000063275321    0.00352
 13     -82.944450486853     -74.942083512687       0.000003753263       0.000030522381    0.00351
 14     -82.944448703519     -74.942081729353       0.000001783334       0.000014725767    0.00352
 15     -82.944447837779     -74.942080863613       0.000000865740       0.000007104798    0.00352
 16     -82.944447420872     -74.942080446705       0.000000416907       0.000003428007    0.00352
 17     -82.944447219544     -74.942080245378       0.000000201328       0.000001654005    0.00352
 18     -82.944447122425     -74.942080148259       0.000000097118       0.000000798061    0.00352
 19     -82.944447075560     -74.942080101394       0.000000046866       0.000000385067    0.00352
 20     -82.944447052948     -74.942080078781       0.000000022612       0.000000185797    0.00351
 21     -82.944447042037     -74.942080067871       0.000000010911       0.000000089648    0.00352
 22     -82.944447036772     -74.942080062606       0.000000005265       0.000000043256    0.00352
 23     -82.944447034232     -74.942080060066       0.000000002540       0.000000020871    0.00351
 24     -82.944447033007     -74.942080058840       0.000000001226       0.000000010070    0.00352
 25     -82.944447032415     -74.942080058249       0.000000000591       0.000000004859    0.00352
 26     -82.944447032130     -74.942080057964       0.000000000285       0.000000002345    0.00352
 27     -82.944447031992     -74.942080057826       0.000000000138       0.000000001131    0.00352
 28     -82.944447031926     -74.942080057760       0.000000000066       0.000000000546    0.00352
 29     -82.944447031894     -74.942080057727       0.000000000032       0.000000000263    0.00352
 30     -82.944447031878     -74.942080057712       0.000000000015       0.000000000127    0.00353
 31     -82.944447031871     -74.942080057705       0.000000000007       0.000000000061    0.00352
 32     -82.944447031867     -74.942080057701       0.000000000004       0.000000000030    0.00354
 33     -82.944447031865     -74.942080057699       0.000000000002       0.000000000014    0.00352
 34     -82.944447031865     -74.942080057698       0.000000000001       0.000000000007    0.00352
 35     -82.944447031864     -74.942080057698       0.000000000000       0.000000000003    0.00352
 36     -82.944447031864     -74.942080057698       0.000000000000       0.000000000002    0.00352
 37     -82.944447031864     -74.942080057698       0.000000000000       0.000000000001    0.00352
** Hartree-Fock energy =     -74.942080057698
