
                           **********************
                           *                    *
                           *     MINICHEM 0.1   *
                           *                    *
                           **********************

Minichem is an open-source simple quantum chemistry code, written in educational purposes
Build date: Oct 31 2016 22:40:09
Compiler:   gcc 6.2.1
Date:       Mon Oct 31 23:22:21 2016
Authors:
  Alexander Oleynichenko        alexvoleynichenko@gmail.com

--------------------------------------------------------------------------------
Input file: h2o.inp
Charge = 0
Mult = 1
  O       0.00000000    -0.14322233     0.00000000
  H       1.63803338     1.13655680     0.00000000
  H      -1.63803338     1.13655680     0.00000000


	Overlap Integrals:
          1    0.236704 1.04633e-17           0           0   0.0384056   0.0384056
   0.236704           1           0           0           0    0.386139    0.386139
1.04633e-17           0           1           0           0    0.209728    0.209728
          0           0           0           1           0           0           0
          0           0           0           0           1    0.268438   -0.268438
  0.0384056    0.386139    0.209728           0    0.268438           1    0.181761
  0.0384056    0.386139    0.209728           0   -0.268438    0.181761           1

	Kinetic-Energy Integrals:
    29.0032   -0.168011 4.75698e-17           0           0 -0.00841638 -0.00841638
  -0.168011    0.808128           0           0           0   0.0705174   0.0705174
4.75698e-17           0     2.52873           0           0     0.11492     0.11492
          0           0           0     2.52873           0           0           0
          0           0           0           0     2.52873    0.147091   -0.147091
-0.00841638   0.0705174     0.11492           0    0.147091    0.760032 -0.00397973
-0.00841638   0.0705174     0.11492           0   -0.147091 -0.00397973    0.760032

	Nuclear Attraction Integrals:
         0          0 -0.0144739          0          0          0          0
         0          0  -0.176891          0          0          0          0
-0.0144739  -0.176891   -9.94404          0          0   -1.47179   -1.47179
         0          0          0   -9.87588          0          0          0
         0          0          0          0   -9.98755   -1.82224    1.82224
         0          0   -1.47179          0   -1.82224          0          0
         0          0   -1.47179          0    1.82224          0          0

	Core Hamiltonian:
    29.0032   -0.168011  -0.0144739           0           0 -0.00841638 -0.00841638
  -0.168011    0.808128   -0.176891           0           0   0.0705174   0.0705174
 -0.0144739   -0.176891    -7.41531           0           0    -1.35687    -1.35687
          0           0           0    -7.34714           0           0           0
          0           0           0           0    -7.45882    -1.67515     1.67515
-0.00841638   0.0705174    -1.35687           0    -1.67515    0.760032 -0.00397973
-0.00841638   0.0705174    -1.35687           0     1.67515 -0.00397973    0.760032

	Initial C Matrix:
-1.78494e-19  -0.00113739 -2.51472e-18   0.00938579   -0.0152618 -2.57306e-18      1.03296
 1.67016e-18    0.0478789 -2.05053e-18     0.749719     -0.89339 -4.77589e-17    -0.317694
-1.42484e-16      1.01399 -1.28143e-16    -0.110301    -0.264813 -2.06135e-16   -0.0306641
 4.20717e-15            0           -1            0            0  1.49484e-17            0
     1.02513  1.83881e-16  4.35081e-15  2.77556e-17 -5.55112e-17       0.4036            0
  -0.0499438   -0.0363014 -3.35811e-16     0.253497     0.749408    -0.859774    0.0775571
   0.0499438   -0.0363014  4.13927e-16     0.253497     0.749408     0.859774    0.0775571

	Initial Density Matrix:
  0.00032231     0.020617   0.00185296  2.51472e-18  7.15585e-19  -0.00901676  -0.00901676
    0.020617      1.36252     0.202435  2.05053e-18  8.09181e-17      -0.4812      -0.4812
  0.00185296     0.202435      1.11047  1.28143e-16  5.20265e-17    -0.263223    -0.263223
 2.51472e-18  2.05053e-18  1.28143e-16            1 -3.79186e-17  1.25689e-16 -2.03805e-16
 7.15585e-19  8.09181e-17  5.20265e-17 -3.79186e-17      1.05089   -0.0511989    0.0511989
 -0.00901676      -0.4812    -0.263223  1.25689e-16   -0.0511989     0.629685     0.624696
 -0.00901676      -0.4812    -0.263223 -2.03805e-16    0.0511989     0.624696     0.629685
enuc = 8.00237

	Fock Matrix:
     38.7726      1.73135  -0.00871666 -1.40773e-18  2.60209e-18     0.284509     0.284509
     1.73135      6.87853   -0.0639438  8.65513e-18            0      2.08532      2.08532
 -0.00871666   -0.0639438     -1.12834 -7.40978e-17  2.42861e-17    -0.275022    -0.275022
-1.40773e-18  8.65513e-18 -7.40978e-17     -1.08342 -2.03785e-17 -4.58385e-17  5.35413e-17
 1.73472e-18  1.38778e-17  2.77556e-17 -2.03785e-17     -1.15666    -0.333439     0.333439
    0.284509      2.08532    -0.275022 -4.58385e-17    -0.333439      4.89932      0.69844
    0.284509      2.08532    -0.275022  5.35413e-17     0.333439      0.69844      4.89932


 Iter        E(elec)              E(tot)               Delta(E)             RMS(D)         Time(s)
 01     -10.444601055944      -2.442233507704     -10.444601055944       2.334360136527    0.42835
 02     -12.690761682412      -4.688394134172      -2.246160626468       0.081500045830    0.03171
 03     -12.663398855742      -4.661031307502       0.027362826670       0.010852944757    0.03083
 04     -12.658717699621      -4.656350151381       0.004681156121       0.001492143873    0.03070
 05     -12.658045352550      -4.655677804311       0.000672347071       0.000206605590    0.03062
 06     -12.657951409510      -4.655583861270       0.000093943040       0.000028659427    0.03067
 07     -12.657938351241      -4.655570803002       0.000013058268       0.000003977423    0.03082
 08     -12.657936538084      -4.655568989844       0.000001813158       0.000000552066    0.03068
 09     -12.657936286386      -4.655568738147       0.000000251697       0.000000076629    0.03062
 10     -12.657936251449      -4.655568703209       0.000000034938       0.000000010637    0.03072
 11     -12.657936246599      -4.655568698359       0.000000004850       0.000000001476    0.03067
 12     -12.657936245926      -4.655568697686       0.000000000673       0.000000000205    0.03065
 13     -12.657936245832      -4.655568697593       0.000000000093       0.000000000028    0.03062
 14     -12.657936245819      -4.655568697580       0.000000000013       0.000000000004    0.03066
 15     -12.657936245818      -4.655568697578       0.000000000002       0.000000000001    0.03062
 16     -12.657936245817      -4.655568697578       0.000000000000       0.000000000000    0.03066
** Hartree-Fock energy =      -4.655568697578
